      bmi          systolic_bp        cholesterol_total          
     mean      std        mean median              mean       std
      NaN      NaN         NaN    NaN               NaN       NaN
25.485542 6.521382  117.032129  118.0        176.868000 34.357946
25.693562 5.223108  117.163585  117.0        177.547906 33.431252
25.752632 5.344390  117.684113  117.0        178.247692 33.0328376808    315.0
5703    304.0
2748    303.0
9534    301.0
1670    299.0
1636    294.0
1830    293.0
9660    293.0
9522    292.0
5478    289.0
Name: cholesterol_total, dtype: float64